0	38.933911	-77.036034	650	1020	1221	1669	1.878461538	1.63627451
1	38.9213614	-77.0339227	425	680	1550	2100	3.647058824	3.088235294
3	38.961793	-76.946857	600	735	1150	1450	1.916666667	1.972789116
4	38.9158893	-77.0501786	390	850	1460	2600	3.743589744	3.058823529
6	38.915003	-77.037961	317	941	1625	3100	5.126182965	3.294367694
7	39.1425179	-77.1911002	709	1447	1441	2039	2.032440056	1.409122322
8	38.8888703	-77.0743643	428	900	1300	2050	3.037383178	2.277777778
10	38.8358143	-77.0052586	750	880	1042	1072	1.389333333	1.218181818
11	38.9617121	-77.0732228	325	1180	893	2779	2.747692308	2.355084746
12	39.394776	-77.435912	748	1150	1245	2530	1.664438503	2.2
15	38.9263476	-77.0536394	900	1000	1665	1695	1.85	1.695
17	39.145177	-77.171095	806	1218	1800	1990	2.23325062	1.633825944
22	38.90104	-77.20668	710	1169	1350	2025	1.901408451	1.732249786
23	38.933037	-77.030539	370	800	1495	1650	4.040540541	2.0625
24	38.9326338	-77.0293121	460	1000	1820	2740	3.956521739	2.74
25	39.479589	-77.940372	981	1101	819	974	0.834862385	0.884650318
26	38.8909578	-76.8351638	713	934	1395	2125	1.956521739	2.2751606
29	39.637115	-77.704525	570	870	737	1260	1.292982456	1.448275862
30	38.995776	-77.00316	650	842	950	1250	1.461538462	1.48456057
31	38.8157331	-77.0510098	605	1245	1570	3010	2.595041322	2.417670683
33	38.792808	-77.529222	537	1008	1185	1585	2.206703911	1.572420635
35	38.878311	-77.226801	809	1260	1495	2500	1.847960445	1.984126984
36	38.7342685	-77.1008702	686	1071	1270	1800	1.851311953	1.680672269
37	38.308676	-77.479841	950	1200	825	1340	0.868421053	1.116666667
39	39.049914	-76.836659	709	1165	1350	1937	1.904090268	1.662660944
45	38.886028	-76.955192	480	680	975	1500	2.03125	2.205882353
47	38.728696	-77.109995	568	901	1300	1800	2.288732394	1.997780244
48	39.1592663	-77.2837227	715	1326	1160	2080	1.622377622	1.568627451
50	38.938197	-77.03351	430	800	1335	1800	3.104651163	2.25
52	39.0848546	-76.8910317	689	1346	1574	2465	2.284470247	1.831352155
53	39.4451125	-77.441549	807	1175	1390	2781	1.722428748	2.366808511
55	38.8663365	-76.9186713	315	996	839	1545	2.663492063	1.551204819
56	38.997758	-77.024066	512	1192	1662	2649	3.24609375	2.222315436
57	38.9827262	-77.0083191	715	1200	900	1000	1.258741259	0.833333333
58	38.9177427	-77.5160495	720	1172	1150	1592	1.597222222	1.358361775
63	38.967066	-76.999233	500	1500	844	1469	1.688	0.979333333
67	38.9236616	-77.056311	580	1236	1668	6208	2.875862069	5.022653722
72	38.8542616	-76.9335636	635	1099	1398	1398	2.201574803	1.272065514
73	38.9049973	-77.0289735	425	875	1649	2349	3.88	2.684571429
76	38.957669	-77.422197	1009	1209	1099	1725	1.089197225	1.426799007
77	39.080372	-77.068626	700	1124	1315	2078	1.878571429	1.848754448
78	38.8715126	-76.9775498	650	900	1050	1050	1.615384615	1.166666667
85	38.862078	-76.969754	750	1200	1135	1135	1.513333333	0.945833333
87	38.8774721	-77.3044006	1400	2400	2195	2395	1.567857143	0.997916667
88	38.8362094	-76.9557392	770	770	1100	1100	1.428571429	1.428571429
93	38.9211961	-77.0372856	351	1223	1395	2950	3.974358974	2.41210139
95	38.9047057	-76.9729315	728	1045	1095	1245	1.504120879	1.19138756
97	38.862577	-77.8445842	1931	2072	1775	1825	0.919212843	0.880791506
98	39.4531011	-77.9631388	500	500	706	706	1.412	1.412
99	38.980277	-77.007054	687	798	1075	1325	1.564774381	1.660401003
102	38.9530205	-76.8693872	500	1320	953	1865	1.906	1.412878788
103	39.0168078	-76.9747539	665	1465	1370	2140	2.060150376	1.460750853
106	38.9333907	-77.0243407	630	850	1106	1316	1.755555556	1.548235294
107	38.8379538	-77.1160894	425	1350	689	1653	1.621176471	1.224444444
109	38.3103425	-77.5043005	893	1342	1135	1499	1.270996641	1.116989568
110	38.9088622	-77.0350472	520	1290	2250	4350	4.326923077	3.372093023
111	38.9162636	-77.514831	870	1390	1599	1599	1.837931034	1.150359712
112	38.912819	-77.039258	249	900	1350	1750	5.421686747	1.944444444
113	38.8112554	-77.0542557	975	1185	2200	3750	2.256410256	3.164556962
114	38.9085266	-77.0381075	300	740	1995	3800	6.65	5.135135135
118	38.8659039	-77.0789361	760	1261	1722	2209	2.265789474	1.751784298
122	38.868205	-77.270636	662	1578	1350	3269	2.039274924	2.071609632
123	38.5800136	-77.3150208	918	1176	1395	1690	1.519607843	1.43707483
124	38.9640775	-77.1062059	501	5225	1490	5320	2.974051896	1.018181818
125	38.8370745	-77.1100727	880	1545	1402	19075	1.593181818	12.34627832
127	39.1485061	-77.2057185	450	975	1135	1475	2.522222222	1.512820513
130	38.7594424	-77.4342158	610	1012	1180	1290	1.93442623	1.274703557
134	38.8525914	-77.1185841	725	1600	1415	2815	1.951724138	1.759375
135	38.2680229	-76.4645696	728	1185	888	1390	1.21978022	1.172995781
136	38.902245	-77.0144566	628	964	1430	1920	2.277070064	1.991701245
137	39.058842	-76.842866	718	1405	1263	1995	1.759052925	1.419928826
138	38.9631647	-77.0339366	429	814	1090	1398	2.540792541	1.717444717
143	38.8848742	-77.0943126	547	1456	1907	3189	3.486288848	2.190247253
144	38.9405645	-77.0610359	355	1010	3023	3507	8.515492958	3.472277228
146	39.0003787	-77.0066195	950	950	1245	1245	1.310526316	1.310526316
147	39.1412097	-77.1961238	700	1680	1205	1636	1.721428571	0.973809524
148	39.431436	-77.402135	719	1128	1474	2015	2.050069541	1.786347518
149	38.8035174	-77.5950776	826	1528	1610	2340	1.949152542	1.531413613
150	38.843323	-77.066845	444	1100	1235	2490	2.781531532	2.263636364
151	38.872526	-77.161309	608	1636	1018	3525	1.674342105	2.154645477
153	39.072512	-76.851343	750	1335	1222	2005	1.629333333	1.501872659
155	38.2685954	-76.4454153	925	1008	1549	2619	1.674594595	2.598214286
158	38.9000962	-77.0520184	410	1150	1675	3833	4.085365854	3.333043478
160	38.9833074	-77.0050537	714	1252	1135	1800	1.589635854	1.437699681
162	38.9379046	-77.0248682	462	907	1720	2549	3.722943723	2.810363837
164	38.8284566	-76.9964718	628	1012	905	1395	1.441082803	1.378458498
166	39.101352	-77.553917	486	1010	1298	2425	2.670781893	2.400990099
167	38.8281995	-77.0197401	950	1205	2286	2386	2.406315789	1.980082988
169	38.6450321	-76.896122	766	1066	1180	1545	1.540469974	1.44934334
170	38.4621307	-77.4983704	632	962	899	1150	1.422468354	1.195426195
171	38.4652414	-77.446956	1450	1450	1214	1636	0.837241379	1.128275862
173	39.1258007	-77.2060714	780	1220	1230	1840	1.576923077	1.508196721
174	38.653499	-77.279615	447	1218	1555	3179	3.478747204	2.61001642
175	39.0274845	-77.1019324	578	1213	1400	2645	2.422145329	2.180544106
176	38.895673	-77.123391	700	1000	1250	1550	1.785714286	1.55
177	38.985394	-76.97813	478	929	950	9450	1.987447699	10.1722282
178	38.904595	-77.018005	576	1264	1887	5288	3.276041667	4.183544304
179	39.4209576	-77.4339832	762	1150	1070	1565	1.404199475	1.360869565
181	39.045416	-76.980388	820	1258	1285	2045	1.567073171	1.625596184
187	38.999092	-76.996687	488	629	1100	1300	2.254098361	2.066772655
190	38.8486718	-77.0845188	466	1050	757	1635	1.624463519	1.557142857
193	39.4270031	-77.9203422	1896	1896	1130	1130	0.595991561	0.595991561
195	38.896236	-77.092445	800	800	1780	2095	2.225	2.61875
197	38.9992596	-77.0406115	650	1040	1235	2170	1.9	2.086538462
198	38.9256708	-77.0570081	480	1100	1765	2615	3.677083333	2.377272727
199	38.8676774	-77.4448366	564	1132	1201	1445	2.129432624	1.276501767
201	38.592547	-77.296733	659	1295	1350	1495	2.048558422	1.154440154
202	38.86306	-76.893608	670	1060	1090	1970	1.626865672	1.858490566
203	38.3568591	-77.5111378	674	926	1069	1560	1.586053412	1.684665227
204	38.9571822	-76.9427557	600	730	995	1200	1.658333333	1.643835616
205	38.8468292	-77.1168591	669	1106	1419	1780	2.121076233	1.609403255
206	38.8520831	-77.1293387	500	1100	1495	1495	2.99	1.359090909
207	38.8206693	-76.9894934	594	1323	1050	1610	1.767676768	1.216931217
208	38.918587	-77.036034	495	1641	1597	5358	3.226262626	3.265082267
209	38.9635559	-77.0353812	548	937	1469	1469	2.680656934	1.567769477
210	38.899735	-77.032936	484	1557	1615	5700	3.33677686	3.66088632
211	38.9194423	-77.0305395	483	1363	2020	5905	4.182194617	4.332355099
213	38.794368	-77.139711	792	1389	1648	2498	2.080808081	1.798416127
216	38.8740253	-76.7954975	540	540	1491	1491	2.761111111	2.761111111
220	39.15493	-77.169528	771	1138	1250	1250	1.621271077	1.098418278
221	38.994584	-77.078178	750	1000	1595	1595	2.126666667	1.595
222	38.917472	-77.0355475	266	774	1255	1855	4.718045113	2.396640827
223	38.949041	-76.741991	770	1410	1665	2888	2.162337662	2.04822695
224	39.1595464	-78.1782764	1045	1284	895	1200	0.85645933	0.934579439
226	38.8753321	-77.112752	700	800	1275	1600	1.821428571	2
228	38.8412037	-77.0635723	575	1172	1103	4576	1.91826087	3.90443686
229	38.9937906	-77.4852548	735	1630	1365	4805	1.857142857	2.947852761
231	38.274011	-77.533278	1093	1734	1185	2022	1.084172004	1.166089965
232	38.9834814	-76.9869376	450	1278	1159	1828	2.575555556	1.430359937
235	38.906615	-77.0300757	350	702	1795	2395	5.128571429	3.411680912
236	38.9166	-77.027766	710	710	2585	2585	3.64084507	3.64084507
240	38.996859	-77.058966	485	1010	1250	2095	2.577319588	2.074257426
241	38.248791	-76.488246	721	927	1012	1150	1.403606103	1.240560949
242	39.0889385	-76.8640569	564	1115	1105	2593	1.959219858	2.325560538
243	38.910005	-78.172737	872	1101	900	1070	1.032110092	0.971843778
247	38.847312	-76.976116	800	1000	1232	1680	1.54	1.68
248	38.8596893	-77.329589	700	1350	1557	2571	2.224285714	1.904444444
251	38.9069865	-77.0076476	374	1060	1770	3560	4.732620321	3.358490566
252	38.920473	-77.070731	461	864	1705	3890	3.698481562	4.502314815
253	38.8299602	-76.9120742	759	1267	1595	2473	2.101449275	1.951854775
254	38.2208863	-77.4959132	706	1459	1235	2275	1.749291785	1.559287183
261	38.8667778	-77.3043204	708	1220	1335	2550	1.88559322	2.090163934
262	38.933422	-77.040347	360	490	1450	1700	4.027777778	3.469387755
263	38.9244511	-77.2191695	590	1481	1830	4572	3.101694915	3.087103309
264	38.958594	-77.00178	414	1197	1540	2655	3.719806763	2.218045113
267	39.0598676	-77.1250069	557	1473	1469	4079	2.637342908	2.769178547
268	38.94683	-77.411013	585	1076	1368	2011	2.338461538	1.868959108
270	38.958464	-76.8797781	520	1170	1065	1845	2.048076923	1.576923077
271	38.8475045	-76.9492763	513	996	1025	1650	1.998050682	1.656626506
272	38.9975234	-76.9320173	650	1200	800	850	1.230769231	0.708333333
273	38.990586	-77.031548	421	1985	1304	5170	3.097387173	2.604534005
275	38.8632438	-77.076467	546	1584	1321	3759	2.419413919	2.373106061
276	38.888667	-76.938833	728	850	975	1215	1.339285714	1.429411765
279	38.778109	-77.4942344	399	916	3000	5600	7.518796992	6.113537118
280	38.9501522	-76.7156756	713	1216	1597	2562	2.239831697	2.106907895
281	39.1128215	-77.1837817	534	1422	1350	2940	2.528089888	2.067510549
282	38.804924	-76.948584	679	1528	1175	2198	1.730486009	1.438481675
287	39.3942209	-78.0126025	1360	1360	1000	1000	0.735294118	0.735294118
288	38.4131826	-77.4102509	806	1496	1399	2023	1.73573201	1.352272727
289	38.8039487	-77.1585312	690	890	1270	1550	1.84057971	1.741573034
290	38.9371978	-77.0359861	497	1050	1525	3205	3.068410463	3.052380952
291	39.1077595	-76.8516301	655	1300	1335	1680	2.038167939	1.292307692
293	38.8254248	-77.0018844	300	715	825	1105	2.75	1.545454545
294	38.205239	-77.5925453	847	1239	1090	1425	1.286894923	1.150121065
296	38.2836765	-76.4981782	1145	1455	1285	1585	1.122270742	1.089347079
297	38.9568993	-77.4176539	534	2395	1466	3265	2.745318352	1.363256785
298	38.9377126	-77.0359988	413	814	1223	1790	2.96125908	2.199017199
299	38.855927	-77.0501242	568	1590	1920	5935	3.38028169	3.732704403
300	38.9489236	-76.9669054	579	1016	925	1486	1.597582038	1.462598425
301	38.8262734	-77.0132479	500	870	900	1541	1.8	1.771264368
303	38.821762	-77.062745	625	965	1430	2000	2.288	2.07253886
304	38.9858897	-77.0967307	455	1380	1882	4266	4.136263736	3.091304348
305	38.961505	-77.0315889	385	420	956	956	2.483116883	2.276190476
306	39.0246758	-77.0696611	450	1075	1450	2050	3.222222222	1.906976744
308	38.981665	-77.02174	675	775	1423	1694	2.108148148	2.185806452
310	38.884282	-77.1084653	707	1158	1550	2610	2.192362093	2.25388601
311	39.6155645	-77.7296865	940	1040	820	1048	0.872340426	1.007692308
312	38.8530867	-76.9594455	598	1008	1114	1775	1.862876254	1.760912698
314	39.608496	-77.798646	1364	1364	850	900	0.623167155	0.659824047
315	38.2823271	-77.4871165	810	1000	879	1260	1.085185185	1.26
317	38.8340595	-77.0625475	650	984	1385	3817	2.130769231	3.879065041
318	38.8798369	-77.1776311	654	1294	1740	4635	2.660550459	3.581916538
321	38.992251	-77.028664	526	1500	1659	2582	3.153992395	1.721333333
323	38.8894244	-77.0804804	536	2580	1695	4770	3.162313433	1.848837209
324	39.4878612	-77.9480428	615	780	605	622	0.983739837	0.797435897
326	38.2432065	-77.5254388	585	1026	963	1724	1.646153846	1.680311891
327	38.2630601	-77.5370655	709	1196	1070	2245	1.509167842	1.877090301
328	38.861515	-77.0876247	569	1470	1695	3000	2.978910369	2.040816327
329	38.7317705	-77.4729813	670	1524	1287	4338	1.920895522	2.846456693
330	38.8723016	-77.0163222	391	1677	1375	3555	3.516624041	2.119856887
332	38.7920269	-77.5240937	842	1411	1370	2854	1.627078385	2.022678951
334	38.950016	-76.966715	499	1400	1236	1334	2.476953908	0.952857143
335	38.877832	-77.015608	500	1152	1475	2510	2.95	2.178819444
336	39.1385568	-78.1770677	980	980	775	775	0.790816327	0.790816327
338	38.8738419	-76.9725137	602	963	1172	1172	1.946843854	1.217030114
340	38.994611	-77.417579	698	1556	1378	2990	1.974212034	1.92159383
341	39.081082	-76.944577	748	1138	1315	1975	1.75802139	1.735500879
342	38.9876996	-77.0275732	532	1540	1117	1844	2.09962406	1.197402597
343	38.9028521	-77.0024807	648	1318	1713	3563	2.643518519	2.703338392
345	38.880608	-77.177905	839	1800	1970	5084	2.348033373	2.824444444
347	39.009997	-76.976811	450	1082	967	2735	2.148888889	2.527726433
348	38.2476041	-76.4843845	637	999	697	1039	1.094191523	1.04004004
350	38.9165459	-77.4205155	652	1410	1539	3640	2.360429448	2.581560284
351	38.8417237	-77.2680936	400	1228	1025	1975	2.5625	1.608306189
352	38.877832	-77.1113638	516	1264	1688	5118	3.271317829	4.049050633
354	38.961841	-76.945986	600	915	1150	1550	1.916666667	1.693989071
356	38.7803741	-77.5212901	727	1114	1290	1650	1.774415406	1.481149013
357	38.71326	-76.534634	680	1060	1330	1560	1.955882353	1.471698113
359	38.316457	-77.497087	515	1164	920	1478	1.786407767	1.26975945
360	38.9375051	-77.1782085	578	1736	1600	10577	2.76816609	6.092741935
361	38.8801987	-76.9307038	512	817	524	893	1.0234375	1.093023256
362	39.0239034	-77.5074378	869	1405	1524	2185	1.753739931	1.555160142
363	39.1139529	-77.5727097	860	1390	1175	1175	1.36627907	0.845323741
365	38.808063	-77.133454	722	1190	1300	1920	1.800554017	1.613445378
366	38.9628684	-77.0886482	923	1590	1909	2989	2.068255688	1.879874214
367	38.9695877	-77.0329907	600	1250	1425	2199	2.375	1.7592
368	39.1685099	-78.1319248	750	750	635	850	0.846666667	1.133333333
369	39.107307	-76.847741	600	1044	950	1420	1.583333333	1.360153257
370	38.925153	-77.031998	505	834	1749	5051	3.463366337	6.056354916
371	39.4291465	-77.4148314	779	1210	1195	1900	1.534017972	1.570247934
372	38.709968	-77.223194	649	2619	1510	4055	2.326656394	1.548300878
374	38.8375098	-77.1048156	677	1553	1810	3310	2.673559823	2.131358661
375	39.080325	-77.064428	733	1124	1151	1593	1.570259209	1.417259786
380	38.850835	-77.351208	692	1415	1425	5126	2.059248555	3.622614841
381	38.8321538	-77.0595379	564	1300	786	8699	1.393617021	6.691538462
385	38.9371438	-77.3608427	775	775	1173	1217	1.513548387	1.570322581
388	38.710683	-77.237922	574	1443	1630	2120	2.839721254	1.469161469
390	38.8160714	-76.9947693	697	1563	1059	1620	1.519368723	1.03646833
391	38.8930107	-77.019323	440	1333	1947	5832	4.425	4.375093773
396	38.2265486	-77.4569404	1156	1440	1057	1325	0.914359862	0.920138889
398	38.9004552	-77.0184998	510	1329	1770	4935	3.470588235	3.713318284
400	38.953257	-76.953943	600	830	995	1300	1.658333333	1.56626506
401	38.5937573	-77.2980149	760	1072	1326	2660	1.744736842	2.481343284
402	39.0612036	-77.4784815	720	1168	1399	1968	1.943055556	1.684931507
403	38.9328092	-76.995187	455	1205	1558	5989	3.424175824	4.970124481
404	38.893776	-77.002233	600	600	2095	2095	3.491666667	3.491666667
405	38.7826823	-77.1199697	690	1092	1505	1977	2.18115942	1.81043956
406	38.763046	-77.153764	564	803	1249	1499	2.214539007	1.866749689
408	38.9255883	-77.0555808	622	2273	2570	29572	4.131832797	13.01011879
411	38.950328	-76.928168	690	1600	1300	1840	1.884057971	1.15
414	39.4135252	-77.4433842	732	1140	954	1350	1.303278689	1.184210526
415	39.3952056	-77.442494	791	1429	1245	4186	1.573957016	2.929321204
417	38.9393182	-77.0372803	450	1000	1175	1475	2.611111111	1.475
418	38.9028372	-77.0117017	469	1025	1741	2550	3.712153518	2.487804878
423	38.9155215	-77.2153192	800	1200	1655	2195	2.06875	1.829166667
425	38.8719593	-77.230299	489	1330	1754	3695	3.586912065	2.778195489
427	38.8378672	-77.0550412	633	1235	1780	2350	2.812006319	1.902834008
428	38.924254	-77.041842	350	1061	1495	2495	4.271428571	2.351555137
429	38.8608807	-77.3736507	699	1092	1625	1880	2.324749642	1.721611722
430	38.8815185	-77.1082635	580	1840	1785	4630	3.077586207	2.516304348
431	38.899295	-77.078949	600	1100	1650	3095	2.75	2.813636364
433	38.9910172	-77.0041871	445	1145	875	1500	1.966292135	1.310043668
435	38.908759	-77.003055	481	1224	1627	4256	3.382536383	3.477124183
436	38.6022637	-76.9076783	700	985	1351	1376	1.93	1.396954315
438	39.0763357	-76.9410196	524	1149	1240	1910	2.366412214	1.662315057
443	38.980674	-77.34546	797	1167	1524	5947	1.91217064	5.095972579
444	38.9679062	-77.0345036	400	1500	1371	1371	3.4275	0.914
445	38.9984258	-77.4003226	620	1000	2540	3120	4.096774194	3.12
446	38.83118	-76.993218	675	878	1085	1275	1.607407407	1.452164009
448	38.8819	-77.23015	527	1452	1659	3736	3.14800759	2.573002755
451	39.1372789	-77.2049725	431	1214	1100	1640	2.552204176	1.350906096
452	39.115658	-77.205121	524	1443	1456	3276	2.778625954	2.27027027
457	38.9227502	-77.0411721	280	1040	1300	2954	4.642857143	2.840384615
459	38.907421	-77.049332	391	1491	2400	6545	6.138107417	4.389671362
461	38.5917676	-77.3105213	949	1190	1405	1949	1.480505796	1.637815126
464	38.798909	-77.444989	767	1360	1200	1463	1.564537158	1.075735294
466	38.8006911	-77.1615478	557	1490	1557	7918	2.795332136	5.31409396
472	38.6749725	-77.2798979	517	540	1292	1292	2.499032882	2.392592593
473	38.909852	-77.040551	380	900	1495	4600	3.934210526	5.111111111
475	38.861271	-76.988957	730	940	1253	1344	1.716438356	1.429787234
476	39.081623	-76.8876697	600	1420	1430	2480	2.383333333	1.746478873
477	39.091135	-77.545643	755	1330	1587	2246	2.101986755	1.688721805
479	38.881845	-77.107141	400	1375	1695	4320	4.2375	3.141818182
480	38.8812877	-77.0852382	629	1440	1952	3068	3.103338633	2.130555556
481	38.8717978	-77.1108036	470	1408	1645	3830	3.5	2.720170455
484	39.3978987	-78.0096473	1188	1324	825	895	0.694444444	0.675981873
485	39.0786675	-76.9302077	749	1138	1315	1890	1.755674232	1.660808436
486	38.98149	-77.097941	685	1418	2199	10000	3.210218978	7.052186178
487	38.8565528	-77.0543296	507	1555	1499	2895	2.956607495	1.861736334
488	39.5129514	-77.6472143	704	1034	549	718	0.779829545	0.694390716
489	38.827166	-77.129457	500	940	1010	2657	2.02	2.826595745
490	38.863315	-77.048783	541	1596	2000	4385	3.696857671	2.747493734
491	38.950044	-77.066453	545	996	2010	4280	3.688073394	4.297188755
493	38.8851779	-77.1083692	1060	1340	2295	2395	2.16509434	1.787313433
494	38.881396	-77.102638	750	800	1850	1850	2.466666667	2.3125
496	38.535062	-77.3220032	600	900	825	825	1.375	0.916666667
498	38.283084	-77.557437	804	1400	1189	1779	1.478855721	1.270714286
499	38.9814325	-77.0086888	500	950	900	1489	1.8	1.567368421
501	38.9363379	-76.9617093	285	780	625	1995	2.192982456	2.557692308
502	38.9530492	-77.0165791	600	630	1390	1390	2.316666667	2.206349206
504	39.5330003	-77.9252158	826	1076	835	885	1.010895884	0.822490706
505	39.4606505	-77.9332773	560	780	514	544	0.917857143	0.697435897
507	38.9049456	-76.9493749	700	1040	956	1655	1.365714286	1.591346154
508	39.0806118	-76.8512894	396	1196	955	1745	2.411616162	1.4590301
510	39.0248695	-77.0172207	529	725	1176	1176	2.223062382	1.622068966
511	38.9159003	-77.0058716	509	1250	1066	1557	2.094302554	1.2456
512	38.804113	-76.987239	420	1110	972	1804	2.314285714	1.625225225
515	38.827461	-76.994861	388	927	965	1308	2.487113402	1.411003236
516	38.85775	-77.053464	531	1221	1796	10039	3.382297552	8.221949222
517	38.9317155	-77.0729929	330	700	1295	1899	3.924242424	2.712857143
518	38.883881	-76.951363	354	731	879	1129	2.483050847	1.544459644
523	38.9263052	-76.891292	700	1339	980	1385	1.4	1.034353996
526	39.001869	-77.00794	750	1000	1100	1300	1.466666667	1.3
528	39.078808	-76.936857	747	1020	1275	1744	1.706827309	1.709803922
529	39.0262219	-77.1023371	658	1891	1620	2665	2.462006079	1.409307245
530	38.955557	-77.02303	550	950	980	980	1.781818182	1.031578947
533	38.9425501	-77.076168	650	1000	1295	1595	1.992307692	1.595
535	38.823907	-76.760181	780	1154	1436	2585	1.841025641	2.240034662
536	39.060289	-77.121412	555	1344	1545	2485	2.783783784	1.848958333
537	38.835541	-77.002591	496	1100	823	1525	1.659274194	1.386363636
538	38.973506	-76.963487	509	1300	1240	1964	2.436149312	1.510769231
543	38.909212	-77.0225729	407	1407	1937	5568	4.759213759	3.957356077
545	38.810309	-77.138536	690	1300	1446	2734	2.095652174	2.103076923
546	38.794932	-77.520753	637	996	1015	1495	1.593406593	1.501004016
548	38.9957201	-77.034458	535	1584	1470	3060	2.747663551	1.931818182
549	38.881734	-77.085722	362	1037	1360	2115	3.756906077	2.039537126
550	38.8121791	-77.0515294	468	1248	1500	4744	3.205128205	3.801282051
551	39.028524	-77.485209	872	1101	1225	1445	1.404816514	1.312443233
552	39.1591357	-78.1800024	665	1104	875	875	1.315789474	0.792572464
554	38.9306652	-77.2408965	508	1233	1577	3723	3.104330709	3.01946472
556	38.8639961	-77.0787691	389	1340	1295	2550	3.329048843	1.902985075
558	38.936633	-76.926939	712	875	638	784	0.896067416	0.896
560	38.923464	-77.031645	500	1258	1209	1452	2.418	1.154213037
561	38.991938	-76.987826	700	865	1130	1354	1.614285714	1.565317919
563	39.0748678	-76.9962322	614	1071	773	1472	1.258957655	1.374416433
565	39.08584	-76.941981	849	1386	1189	2956	1.400471143	2.132756133
566	38.9024864	-76.9490467	558	860	1106	1106	1.982078853	1.286046512
567	39.161897	-78.189105	1082	1181	1125	1275	1.03974122	1.079593565
568	38.7873111	-77.0812807	600	986	1172	1400	1.953333333	1.419878296
570	38.8965427	-76.8417117	686	1707	1341	2627	1.954810496	1.538957235
571	38.731758	-77.795733	620	1200	899	1149	1.45	0.9575
572	38.95814	-76.95982	637	986	1267	1559	1.989010989	1.581135903
575	39.090807	-77.063319	840	1300	1290	1785	1.535714286	1.373076923
579	38.596268	-77.1570275	700	1000	1050	1200	1.5	1.2
580	39.1195415	-77.2143729	645	969	1200	1650	1.860465116	1.702786378
582	39.1014529	-77.5227805	941	1239	1343	1619	1.427205101	1.306698951
583	38.860134	-77.0951685	400	1200	1110	1930	2.775	1.608333333
585	38.958294	-77.071261	291	851	1289	2160	4.429553265	2.538190364
586	39.132612	-77.18875	650	900	945	945	1.453846154	1.05
588	38.9511052	-76.9212539	630	720	850	1330	1.349206349	1.847222222
591	38.8362567	-76.950656	455	1245	977	1593	2.147252747	1.279518072
592	38.8576913	-77.1034943	750	900	1100	1100	1.466666667	1.222222222
594	38.992317	-77.09549	508	1992	1670	2680	3.287401575	1.345381526
598	38.9109092	-77.0537027	400	990	1500	2400	3.75	2.424242424
600	38.9720483	-77.0331141	500	950	1375	1608	2.75	1.692631579
601	39.0937075	-77.2032051	663	1199	1475	2250	2.224736048	1.876563803
602	38.91229	-77.036963	722	1620	2950	3925	4.085872576	2.422839506
603	38.88169	-77.13573	542	1045	1224	1635	2.258302583	1.564593301
604	39.1525006	-77.1749616	832	1400	1353	3796	1.626201923	2.711428571
605	38.990272	-77.004596	455	1313	875	1500	1.923076923	1.142421935
606	38.941847	-77.366709	712	1050	1377	1950	1.933988764	1.857142857
610	38.8576893	-76.9703965	750	1000	950	1850	1.266666667	1.85
613	38.944181	-77.003471	500	1000	1057	1401	2.114	1.401
615	38.8875134	-77.0791203	744	1749	1995	5063	2.681451613	2.894797027
616	39.2028454	-78.157509	1100	1100	1000	1000	0.909090909	0.909090909
620	38.967163	-77.03545	600	1000	1425	2100	2.375	2.1
622	38.7135844	-77.2351631	613	921	817	917	1.33278956	0.995656895
624	38.810723	-76.958726	610	1236	1134	1722	1.859016393	1.393203883
627	38.315152	-77.4683684	575	650	874	874	1.52	1.344615385
628	38.8999865	-76.9991046	575	1123	1994	3310	3.467826087	2.947462155
631	38.9940694	-77.0155071	634	826	1295	1710	2.042586751	2.070217918
633	38.909882	-77.033572	413	1092	1835	4120	4.443099274	3.772893773
634	38.994202	-77.014641	800	1200	1400	1850	1.75	1.541666667
635	39.042155	-77.396446	740	1351	1410	2375	1.905405405	1.757957069
639	38.5459376	-76.5796701	673	1110	1040	1325	1.545319465	1.193693694
640	38.9929282	-77.5040034	639	1410	1270	3793	1.987480438	2.690070922
641	38.92157	-77.0462617	577	1068	2150	4700	3.726169844	4.400749064
642	39.072449	-76.847959	750	1335	1222	1898	1.629333333	1.421722846
644	38.8564506	-77.3658498	500	1200	1380	2580	2.76	2.15
645	38.9260495	-77.0378798	393	1280	1575	3998	4.007633588	3.1234375
647	39.10509	-76.9301234	805	1296	1349	2079	1.675776398	1.604166667
649	38.2558466	-76.4905338	850	850	885	1016	1.041176471	1.195294118
650	38.9261912	-77.0535306	600	750	1533	1533	2.555	2.044
653	39.1432215	-78.1599645	1225	1360	1200	1300	0.979591837	0.955882353
657	38.8750713	-77.1115209	802	1612	1925	3675	2.400249377	2.279776675
658	39.140893	-77.194537	432	1276	1340	2495	3.101851852	1.955329154
660	38.9829622	-77.0236599	730	1000	1145	1145	1.568493151	1.145
662	39.1693234	-78.1328413	480	879	610	850	1.270833333	0.967007964
663	38.770907	-77.544873	619	1338	1335	2290	2.156704362	1.711509716
665	38.9074326	-77.1306709	500	500	2005	2005	4.01	4.01
669	39.19168	-77.247744	787	1103	1380	1818	1.753494282	1.648232094
670	38.8091977	-77.0548742	728	1284	1301	1749	1.787087912	1.362149533
674	38.8434294	-76.9871177	750	1400	799	1532	1.065333333	1.094285714
677	38.8855613	-76.9816822	625	650	1555	1595	2.488	2.453846154
678	38.7124852	-76.5350319	805	1550	1275	1825	1.583850932	1.177419355
680	38.7792368	-77.2396912	725	1210	1792	2385	2.471724138	1.97107438
682	38.9807303	-77.0937861	600	1425	1495	3275	2.491666667	2.298245614
684	38.9205752	-77.0314895	460	1692	2043	8142	4.441304348	4.812056738
685	38.9534516	-76.9226941	698	1197	1095	1795	1.568767908	1.499582289
688	38.7668422	-76.9884053	717	1053	1225	2341	1.708507671	2.22317189
690	38.921098	-77.032083	512	1601	2253	16355	4.400390625	10.21549032
694	39.1546382	-77.0618448	755	1260	1665	3100	2.205298013	2.46031746
698	38.8831878	-76.9825603	350	350	1050	1050	3	3
699	38.9935914	-77.023434	369	1085	1270	2085	3.441734417	1.921658986
701	39.6381517	-77.7335178	600	1400	675	895	1.125	0.639285714
703	38.924913	-77.057193	450	937	1750	3150	3.888888889	3.361792956
704	38.649962	-77.255472	450	1000	1065	1573	2.366666667	1.573
705	39.0623177	-77.1293995	714	1328	1424	2149	1.994397759	1.618222892
707	38.881065	-76.99887	975	975	2750	2750	2.820512821	2.820512821
708	38.89778	-77.0812664	750	850	1550	1595	2.066666667	1.876470588
710	39.155382	-78.1833993	735	1146	855	1400	1.163265306	1.221640489
711	38.9243579	-77.0356546	500	725	2050	2050	4.1	2.827586207
713	39.0911649	-77.0713496	737	1316	1233	2170	1.672998643	1.64893617
716	39.089975	-76.8496	754	1285	1235	1585	1.637931034	1.233463035
718	38.98862	-77.03132	460	964	775	1300	1.684782609	1.348547718
719	38.8971249	-77.0453525	315	643	1550	2100	4.920634921	3.265940902
722	38.5897582	-77.2924191	588	944	775	1195	1.318027211	1.265889831
725	38.9573201	-76.9247708	700	1200	995	1690	1.421428571	1.408333333
726	38.876727	-77.198423	475	779	1025	1415	2.157894737	1.816431322
728	39.009462	-76.982241	545	720	693	693	1.271559633	0.9625
729	38.6044218	-77.1696895	1770	2388	2099	2700	1.185875706	1.130653266
730	38.979363	-77.092736	820	900	1725	2075	2.103658537	2.305555556
734	38.99448	-77.024579	576	1023	568	1900	0.986111111	1.857282502
736	38.883238	-77.404966	718	1132	1469	5053	2.045961003	4.463780919
738	39.5029641	-77.9366308	975	1259	875	1025	0.897435897	0.814138205
740	38.8291909	-77.2093744	808	2126	1060	1626	1.311881188	0.764816557
741	39.2311481	-77.2500198	884	1480	1499	2245	1.695701357	1.516891892
743	39.4142682	-77.9188042	675	695	464	494	0.687407407	0.710791367
745	38.9129161	-77.0230839	574	789	1775	2550	3.092334495	3.231939163
747	38.957427	-76.868202	745	1150	1198	1639	1.608053691	1.425217391
748	38.889271	-77.076782	510	985	1183	1719	2.319607843	1.745177665
749	38.358103	-77.050769	1000	1320	949	1069	0.949	0.809848485
752	38.897617	-76.841249	634	895	1121	1148	1.768138801	1.282681564
753	38.9737372	-76.9612768	763	921	1225	1495	1.605504587	1.623235613
754	38.831838	-76.945924	551	960	1085	1339	1.969147005	1.394791667
755	38.7113174	-77.2144119	711	1226	1696	3265	2.385372714	2.663132137
756	38.9015378	-77.0348723	319	2184	1809	8529	5.670846395	3.90521978
757	38.9235279	-77.0262727	500	1000	1224	1224	2.448	1.224
758	38.961198	-77.032905	350	1228	1026	2110	2.931428571	1.718241042
759	38.8573	-77.10977	452	1203	1240	1714	2.743362832	1.424771405
761	38.885791	-77.092647	615	1505	2095	5140	3.406504065	3.415282392
762	38.9183322	-77.0348263	500	690	1725	1725	3.45	2.5
763	39.065447	-77.1129441	754	1004	1150	1360	1.525198939	1.354581673
764	38.832386	-77.111222	391	1250	975	2890	2.493606138	2.312
766	38.8554498	-76.9388127	660	1275	1006	1671	1.524242424	1.310588235
767	38.804201	-77.080553	694	1287	1648	5047	2.374639769	3.921522922
768	39.144027	-77.173881	712	1302	1170	1850	1.643258427	1.420890937
769	38.8382362	-77.1049445	601	1417	1465	3385	2.437603993	2.388849682
770	38.99716	-77.028648	464	929	1516	2397	3.267241379	2.580193757
772	39.107553	-77.533194	900	1052	1400	1690	1.555555556	1.606463878
773	38.871128	-76.9682	750	1000	1075	1275	1.433333333	1.275
776	38.9002074	-76.9525178	682	1016	890	890	1.304985337	0.875984252
779	39.0882172	-77.1541353	346	1000	890	1489	2.572254335	1.489
781	38.9602	-76.980489	530	1132	1275	1515	2.405660377	1.338339223
783	39.422271	-77.451968	794	1280	1205	2065	1.517632242	1.61328125
784	38.9093506	-77.0221858	536	658	1179	1179	2.199626866	1.791793313
786	38.7483756	-77.4762647	627	1513	1190	1845	1.897926635	1.219431593
787	38.8249137	-77.0075067	1500	1500	1994	1994	1.329333333	1.329333333
789	38.999886	-77.048106	953	1010	1560	1815	1.636935992	1.797029703
793	39.163036	-77.2052259	468	1276	1119	3511	2.391025641	2.751567398
794	38.622243	-76.884489	964	1220	1440	1667	1.493775934	1.366393443
795	39.4852318	-77.9601267	500	500	579	651	1.158	1.302
798	38.8623704	-77.0560371	526	2820	1569	7239	2.982889734	2.567021277
801	38.9022729	-77.0166932	544	1215	2180	4697	4.007352941	3.865843621
803	38.9754874	-77.0264459	457	1036	1250	1600	2.735229759	1.544401544
804	38.923764	-77.036851	389	457	1495	1585	3.843187661	3.468271335
806	39.4701871	-77.9459878	1025	1025	850	900	0.829268293	0.87804878
807	39.000091	-76.879381	725	842	1175	1275	1.620689655	1.514251781
815	38.8678777	-77.2623694	625	1047	1350	2025	2.16	1.934097421
820	38.246973	-76.456194	720	1272	1004	1962	1.394444444	1.54245283
822	38.898768	-76.8091798	675	1001	1465	2060	2.17037037	2.057942058
823	38.840743	-77.316914	477	998	1234	2374	2.587002096	2.378757515
824	38.6194712	-76.9652886	1050	1050	1530	2090	1.457142857	1.99047619
825	38.883696	-77.173996	536	1274	1704	4895	3.179104478	3.842229199
827	38.91601	-77.031652	350	600	2150	3400	6.142857143	5.666666667
828	38.998847	-76.990574	728	1310	955	1695	1.311813187	1.29389313
829	39.036281	-77.385719	768	1227	1240	1800	1.614583333	1.466992665
831	38.921635	-77.039987	340	550	1569	1882	4.614705882	3.421818182
834	38.9583831	-77.4194994	551	1154	1419	2625	2.575317604	2.274696707
835	38.8865744	-77.0976817	580	1605	2010	4720	3.465517241	2.940809969
836	38.826244	-76.948684	660	1080	1080	2507	1.636363636	2.321296296
837	38.8895706	-77.0860386	564	1240	2222	2410	3.939716312	1.943548387
838	38.8838242	-77.1090534	520	1008	1600	2700	3.076923077	2.678571429
840	38.9302328	-77.2276781	740	1610	2246	5873	3.035135135	3.647826087
841	38.9565783	-77.0712056	625	1300	1400	2300	2.24	1.769230769
842	39.624287	-77.6644716	750	950	719	889	0.958666667	0.935789474
843	38.9209622	-77.0247609	427	1368	2150	3935	5.035128806	2.876461988
844	38.9697172	-77.0338952	750	1000	1275	1275	1.7	1.275
847	38.960809	-76.9011324	750	950	930	1140	1.24	1.2
848	38.9030149	-77.0086498	368	448	1159	1256	3.149456522	2.803571429
849	39.0495873	-77.1166781	647	1585	1370	4459	2.117465224	2.813249211
851	38.9087946	-77.0866889	700	1200	1495	2000	2.135714286	1.666666667
854	38.923814	-76.997493	451	1177	1020	2623	2.261640798	2.228547154
855	38.242576	-76.523809	683	870	635	919	0.929721816	1.056321839
856	38.8067521	-76.9582771	540	540	647	647	1.198148148	1.198148148
857	38.9289558	-77.0553628	236	1876	1800	6085	7.627118644	3.243603412
859	38.8783508	-77.1118536	588	2263	2130	3895	3.62244898	1.721166593
860	38.9064489	-77.0461523	440	1100	2100	4500	4.772727273	4.090909091
862	38.8623502	-77.3683418	500	1179	1450	2362	2.9	2.003392706
867	38.956444	-76.923656	430	1050	940	1518	2.186046512	1.445714286
868	38.992681	-77.023266	613	1043	1093	1093	1.783034258	1.047938639
869	38.649303	-76.8955441	715	2134	1377	2318	1.925874126	1.086223055
870	38.8798797	-77.11576	517	1063	1020	1667	1.972920696	1.568203198
871	38.9494888	-77.0793402	300	860	1675	3304	5.583333333	3.841860465
874	38.9908991	-77.0974617	448	2519	1665	7700	3.716517857	3.056768559
876	38.8176243	-77.1373263	710	1196	1549	2640	2.181690141	2.20735786
879	38.762749	-77.5027039	759	1322	1421	2658	1.872200264	2.010590015
881	38.8625682	-77.3665248	473	1632	1329	2299	2.809725159	1.40870098
882	38.948897	-77.006774	600	700	1195	1195	1.991666667	1.707142857
884	38.895432	-76.994122	800	950	1395	1395	1.74375	1.468421053
885	38.8365575	-77.4195632	680	1214	1318	5389	1.938235294	4.439044481
886	39.151268	-77.191875	667	1685	1335	2892	2.00149925	1.716320475
887	39.0234808	-76.926563	649	1489	1379	2689	2.124807396	1.805910007
889	38.9663595	-76.9613006	577	1445	1520	2860	2.634315425	1.979238754
890	38.8279668	-76.993507	540	990	1005	1776	1.861111111	1.793939394
891	39.1182161	-77.1688031	615	1196	1575	2615	2.56097561	2.186454849
892	38.865242	-77.366666	577	1126	1567	2675	2.715771231	2.375666075
893	38.923134	-77.02941	350	750	1325	1450	3.785714286	1.933333333
895	38.9678163	-77.0330065	400	975	900	1140	2.25	1.169230769
899	39.012317	-77.376502	872	1101	1273	1720	1.459862385	1.562216167
902	38.919997	-76.860745	700	1200	995	1650	1.421428571	1.375
903	39.07329	-77.11285	627	1105	1100	2020	1.754385965	1.828054299
904	38.8915013	-76.9173968	542	1777	1500	1500	2.767527675	0.844119302
905	38.926361	-77.0423435	655	1026	1748	3364	2.66870229	3.278752437
907	39.109454	-76.857702	600	1000	915	1085	1.525	1.085
908	38.997475	-77.031253	294	1432	973	1885	3.30952381	1.316340782
909	39.4252381	-77.4629539	717	939	850	1200	1.185495119	1.277955272
910	38.955777	-77.42142	800	1256	1556	1992	1.945	1.585987261
911	38.995344	-77.001909	750	1100	956	1369	1.274666667	1.244545455
912	38.9338709	-76.9589742	529	1051	975	1295	1.843100189	1.232159848
915	38.85963	-76.99199	609	622	846	1051	1.389162562	1.689710611
916	38.8624222	-77.0547402	534	1581	1849	4899	3.462546816	3.098671727
917	38.887499	-77.091999	547	1830	2305	3695	4.213893967	2.019125683
919	38.941493	-76.9163	480	1300	1100	1845	2.291666667	1.419230769
920	38.872039	-76.8956852	656	851	939	1129	1.431402439	1.326674501
922	39.0207109	-77.0449961	500	920	1550	1550	3.1	1.684782609
924	38.887213	-76.930852	400	1200	1225	1650	3.0625	1.375
926	38.878793	-77.0054639	492	1328	1707	3235	3.469512195	2.435993976
929	38.835444	-76.961825	400	1050	897	1298	2.2425	1.236190476
930	38.997338	-77.034375	495	1257	1498	3963	3.026262626	3.15274463
931	38.9872394	-76.9825487	650	875	1127	1754	1.733846154	2.004571429
932	38.9933762	-77.0109928	600	1100	1265	1265	2.108333333	1.15
933	38.965588	-77.000315	576	665	995	1240	1.727430556	1.864661654
934	39.6409855	-77.7215039	175	686	500	715	2.857142857	1.042274052
935	38.7131941	-77.8032166	636	970	920	1040	1.446540881	1.072164948
936	39.09617	-77.19349	674	1334	1555	4100	2.307121662	3.073463268
937	38.8565108	-77.1121399	628	1279	1240	1714	1.974522293	1.340109461
940	38.8049803	-77.1333271	530	1384	1465	2800	2.764150943	2.023121387
944	38.8728144	-77.2687971	628	1434	1461	5592	2.326433121	3.89958159
945	38.9631945	-77.0347682	529	926	1100	1100	2.079395085	1.187904968
947	38.84969	-77.08433	636	1000	1239	1519	1.948113208	1.519
948	38.8901159	-76.9448808	648	785	860	1430	1.327160494	1.821656051
951	38.9104731	-77.0222059	546	1200	1683	4506	3.082417582	3.755
952	39.0378142	-77.0498721	440	822	1435	2067	3.261363636	2.51459854
953	38.8605674	-77.0926222	495	1385	1640	2900	3.313131313	2.093862816
956	39.6656296	-77.6953443	1485	1485	975	1005	0.656565657	0.676767677
960	38.8754572	-77.3094523	761	1767	1697	2721	2.229960578	1.539898132
961	38.885187	-76.995255	645	2300	2738	12400	4.24496124	5.391304348
962	38.781148	-77.080329	800	1375	1365	1960	1.70625	1.425454545
963	38.861411	-76.949064	500	1080	818	1540	1.636	1.425925926
964	38.841281	-76.938108	917	1450	1105	2640	1.205016358	1.820689655
966	38.8422802	-77.0858782	630	2479	1995	5025	3.166666667	2.027027027
968	38.8654586	-77.2032949	500	750	961	1496	1.922	1.994666667
969	38.9527551	-76.960225	700	1000	1150	1550	1.642857143	1.55
970	38.9577203	-77.361099	537	1551	1739	6493	3.238361266	4.186331399
971	38.8786957	-77.2302351	519	1348	1584	3559	3.052023121	2.640207715
972	38.8901083	-77.0018476	800	800	2595	2595	3.24375	3.24375
975	38.251604	-76.481084	756	1012	1085	1279	1.435185185	1.263833992
977	39.62711	-77.665703	643	1500	801	1031	1.245723173	0.687333333
978	38.9879173	-76.984764	565	715	1222	1590	2.162831858	2.223776224
980	39.0071263	-76.976897	610	1192	1125	1805	1.844262295	1.514261745
982	39.054556	-77.049837	696	1077	1240	1712	1.781609195	1.589600743
984	38.9038711	-77.0158682	401	1125	1713	3964	4.271820449	3.523555556
985	39.2007329	-78.1576028	800	1000	750	750	0.9375	0.75
991	39.5000275	-77.9451844	625	1550	795	1545	1.272	0.996774194
992	38.9264753	-77.0403775	375	550	1625	1695	4.333333333	3.081818182
994	38.9123561	-77.0327267	360	1600	1070	1344	2.972222222	0.84
995	38.9503332	-77.3955021	539	1214	1570	2620	2.912801484	2.15815486
996	38.9189549	-77.0353584	450	740	1549	2349	3.442222222	3.174324324
999	38.339626	-77.061093	560	560	765	765	1.366071429	1.366071429
1004	38.648276	-77.254781	622	965	1245	2025	2.001607717	2.098445596
1005	38.942698	-77.013497	460	750	1100	1100	2.391304348	1.466666667
1007	38.7703774	-76.982636	683	1372	1575	1575	2.306002928	1.147959184
1011	39.15573	-77.19346	769	1164	1439	7999	1.871261378	6.871993127
1012	39.4494663	-77.3962436	615	1512	1288	2962	2.094308943	1.958994709
1013	38.993332	-76.984904	650	712	1065	1065	1.638461538	1.495786517
1015	38.906747	-77.048344	340	1564	2170	7500	6.382352941	4.795396419
1016	39.1082455	-77.5474565	680	925	1050	2360	1.544117647	2.551351351
1017	38.821016	-77.124565	952	1596	1605	2175	1.68592437	1.362781955
1018	38.982991	-77.0249571	455	1140	1495	1900	3.285714286	1.666666667
1019	38.892034	-77.082264	644	3073	2188	8688	3.397515528	2.827204686
1021	38.9495226	-77.067275	503	1000	1525	2420	3.031809145	2.42
1023	38.9681862	-77.3897695	717	1100	1395	1595	1.945606695	1.45
1024	39.091388	-76.8459236	594	1303	1008	1820	1.696969697	1.396776669
1028	38.9213148	-77.0332227	750	1200	1355	1355	1.806666667	1.129166667
1030	38.8242254	-76.9139849	834	1625	1736	3627	2.081534772	2.232
1031	38.849837	-77.354718	718	1137	1579	2308	2.199164345	2.029903254
1032	38.9034956	-77.0518338	900	2600	3785	4085	4.205555556	1.571153846
1033	38.9039384	-77.0481286	514	1270	1725	4200	3.356031128	3.307086614
1035	39.0981006	-76.8564505	450	1000	1119	1339	2.486666667	1.339
1037	38.8808334	-77.1096976	400	1215	1841	2882	4.6025	2.372016461
1039	38.893128	-77.075293	450	450	1550	1550	3.444444444	3.444444444
1040	39.0001649	-76.9971949	750	900	960	1489	1.28	1.654444444
1041	38.8986755	-76.9506	403	1139	1140	1628	2.828784119	1.429323968
1042	38.871162	-76.887329	670	1082	1225	2225	1.828358209	2.056377079
1045	38.2374783	-76.460911	576	1152	478	1250	0.829861111	1.085069444
1046	38.759739	-77.149549	788	1148	1599	2199	2.029187817	1.915505226
1047	38.946915	-77.064658	521	1411	2130	7585	4.088291747	5.375620128
1049	39.1617071	-77.2193315	725	1152	1209	1923	1.667586207	1.669270833
1050	38.961605	-77.106383	689	2332	1615	4484	2.343976778	1.922813036
1051	38.9193056	-77.0703288	625	1080	1650	2995	2.64	2.773148148
1053	38.9634374	-77.0874195	479	1359	1664	3209	3.473903967	2.36129507
1054	38.8711205	-77.0068497	532	1269	1983	5497	3.727443609	4.331757289
1056	38.706972	-77.207379	765	1200	1245	2306	1.62745098	1.921666667
1057	39.014932	-77.508955	806	1538	1438	4191	1.784119107	2.72496749
1058	38.7805896	-77.5322623	853	1317	1395	2171	1.635404455	1.648443432
1059	38.9601667	-77.0723738	450	1150	1195	1495	2.655555556	1.3
1060	38.9680973	-77.7472464	713	1020	680	1005	0.95371669	0.985294118
1064	38.8641495	-77.0843289	620	1448	1570	5185	2.532258065	3.580801105
1065	38.817492	-77.056816	650	802	1325	1575	2.038461538	1.963840399
1066	38.9496844	-77.4025928	588	1232	1521	2884	2.586734694	2.340909091
1067	38.923611	-77.034966	375	1100	1475	1825	3.933333333	1.659090909
1069	38.9932029	-77.0989122	850	1200	1595	1725	1.876470588	1.4375
1071	38.9634035	-77.3496201	866	1376	1445	3245	1.668591224	2.358284884
1073	38.874335	-77.000846	385	1291	1825	6776	4.74025974	5.248644462
1074	38.625681	-76.935465	1003	1003	1310	1630	1.306081755	1.625124626
1076	38.9059494	-77.0504335	740	1330	2350	3850	3.175675676	2.894736842
1077	39.1692548	-77.1755653	733	1064	983	1444	1.34106412	1.357142857
1078	38.244424	-77.515766	450	1075	969	1687	2.153333333	1.569302326
1079	38.864836	-77.200871	396	1100	1340	3670	3.383838384	3.336363636
1080	38.8963176	-77.1219902	734	3385	2075	5970	2.826975477	1.76366322
1081	39.0872824	-77.0752592	804	1181	1300	2582	1.616915423	2.186282811
1083	38.901541	-76.929201	500	758	955	1155	1.91	1.523746702
1084	38.706136	-76.534739	1000	1250	1095	1095	1.095	0.876
1085	38.939753	-76.931659	520	900	1000	1395	1.923076923	1.55
1088	38.9333107	-77.0576871	300	800	1650	1975	5.5	2.46875
1090	38.908484	-77.03417	491	820	500	6034	1.018329939	7.358536585
1091	38.8868243	-77.0942414	414	1356	1900	4155	4.589371981	3.064159292
1092	38.640517	-77.269682	995	1181	1339	1499	1.345728643	1.269263336
1093	38.8630853	-76.8951268	750	1313	900	1360	1.2	1.035795887
1094	38.8964497	-77.0105995	425	540	1545	1730	3.635294118	3.203703704
1101	39.1428396	-77.2020926	606	865	983	1170	1.622112211	1.352601156
1102	38.8991217	-76.9331322	646	1266	970	1460	1.501547988	1.153238547
1103	39.1770005	-77.2355805	600	1600	1800	1990	3	1.24375
1104	38.8145345	-77.1382243	604	1520	1083	5320	1.793046358	3.5
1105	39.6476734	-77.697875	400	1204	621	2002	1.5525	1.662790698
1107	38.880404	-77.090704	595	1000	1400	2000	2.352941176	2
1108	38.827768	-77.049841	491	1340	1564	3639	3.185336049	2.715671642
1109	39.0637801	-77.0551095	781	1193	1445	2105	1.850192061	1.764459346
1112	38.8305113	-76.989934	540	540	1017	1017	1.883333333	1.883333333
1117	38.9482515	-77.4108108	558	894	1282	1532	2.297491039	1.713646532
1119	38.859007	-76.91979	375	1087	1095	2515	2.92	2.313707452
1123	38.532396	-77.319415	798	1108	1210	1489	1.516290727	1.343862816
1124	38.8708287	-77.2302542	502	1045	1764	2400	3.513944223	2.296650718
1125	38.978491	-77.341635	705	1513	1648	3480	2.337588652	2.300066094
1126	38.947261	-77.408134	877	1178	1404	1588	1.600912201	1.348047538
1127	38.854954	-77.110738	385	1383	1260	3194	3.272727273	2.309472162
1129	38.9199033	-77.0316086	576	750	2350	2350	4.079861111	3.133333333
1131	38.937805	-77.024238	501	1305	2715	3205	5.419161677	2.455938697
1133	38.9513152	-76.9248414	720	1300	1130	1409	1.569444444	1.083846154
1134	38.94948	-77.41814	535	1425	1357	2890	2.536448598	2.028070175
1135	38.876636	-77.112323	396	1002	968	2273	2.444444444	2.268463074
1136	38.907616	-77.000537	490	1147	1915	4040	3.908163265	3.522231909
1137	39.032378	-77.0480079	885	1490	1480	2535	1.672316384	1.701342282
1138	38.8648378	-77.0640437	485	1495	1378	3700	2.841237113	2.474916388
1141	38.8573366	-77.060389	431	932	1299	1799	3.013921114	1.930257511
1144	38.939317	-77.359605	772	1560	1300	1745	1.683937824	1.118589744
1145	38.9284253	-77.0350231	285	985	1525	1955	5.350877193	1.984771574
1146	38.652896	-76.882058	800	800	950	950	1.1875	1.1875
1147	38.8856577	-76.9533821	850	1032	862	1032	1.014117647	1
1148	39.014525	-77.492471	715	1375	1440	3285	2.013986014	2.389090909
1150	38.920213	-77.03293	475	1000	1600	1600	3.368421053	1.6
1151	39.091195	-76.844372	703	934	1379	1678	1.961593172	1.796573876
1155	38.8748458	-77.2076507	425	1200	825	1515	1.941176471	1.2625
1156	38.9484858	-76.972096	425	1350	1045	2770	2.458823529	2.051851852
1158	38.9484678	-77.0653097	275	1949	1515	3047	5.509090909	1.563365829
1159	38.9913961	-76.9341734	497	1584	599	4056	1.205231388	2.560606061
1161	38.917926	-77.045239	394	1000	1407	2895	3.57106599	2.895
1163	38.952036	-77.4044795	721	1306	1472	2251	2.041608877	1.723583461
1166	39.3397388	-78.7109597	690	1050	577	577	0.836231884	0.54952381
1167	38.9925304	-76.9337575	509	1408	929	1799	1.825147348	1.277698864
1170	38.868339	-76.91056	724	1333	143	1560	0.197513812	1.170292573
1171	38.9185562	-77.0375957	750	750	2000	2000	2.666666667	2.666666667
1172	38.2385233	-77.5358257	550	869	915	1150	1.663636364	1.323360184
1176	38.9903948	-77.016677	350	969	1435	1795	4.1	1.852425181
1177	39.043585	-77.050879	462	1443	1305	2150	2.824675325	1.48995149
1178	38.857131	-77.115253	462	1122	1026	1828	2.220779221	1.629233512
1179	38.9070596	-77.0452848	408	1145	1822	3930	4.465686275	3.43231441
1180	39.003338	-76.941885	1000	1400	700	958	0.7	0.684285714
1181	38.8746692	-77.1683952	612	1933	1690	3660	2.761437908	1.893429902
1183	39.030322	-77.131264	743	1504	1635	5005	2.200538358	3.327792553
1184	38.8579635	-77.1450254	559	1333	1300	2600	2.325581395	1.950487622
1186	38.861001	-77.060661	458	1338	1741	2790	3.801310044	2.085201794
1187	38.827757	-77.111093	425	1175	1255	2280	2.952941176	1.940425532
1188	38.9734458	-76.9919147	744	1044	1109	1499	1.490591398	1.435823755
1190	38.918955	-77.0443	390	845	1475	2421	3.782051282	2.865088757
1191	38.800332	-76.98824	572	1086	1069	1770	1.868881119	1.629834254
1192	39.0646479	-77.4494805	684	1347	1438	2674	2.102339181	1.98515219
1195	39.1236972	-77.1640707	516	1305	1525	2675	2.955426357	2.049808429
1196	38.8080904	-76.9664334	710	1070	1120	1700	1.577464789	1.588785047
1197	38.9345817	-76.863131	696	1400	975	1175	1.400862069	0.839285714
1201	38.923788	-77.20231	815	1677	1585	5000	1.944785276	2.981514609
1202	38.90754	-77.034185	330	728	1425	2154	4.318181818	2.958791209
1203	38.973253	-76.978763	700	1100	1145	1709	1.635714286	1.553636364
1204	38.958782	-76.924769	500	917	865	1260	1.73	1.374045802
1209	38.890355	-77.081299	544	2580	1941	3093	3.568014706	1.198837209
1210	38.918863	-77.033227	394	836	1875	3025	4.758883249	3.618421053
1211	39.0353445	-77.0500502	568	1185	1509	2250	2.656690141	1.898734177
1212	38.9364179	-77.0373027	425	1000	1249	2099	2.938823529	2.099
1213	38.8719147	-76.888856	1000	1400	1045	1194	1.045	0.852857143
1214	38.9836024	-76.8408507	845	1326	1205	2009	1.426035503	1.515082956
1215	38.758193	-76.807637	657	1053	1016	1625	1.546423135	1.543209877
1216	39.080897	-76.935866	755	1091	1520	2195	2.013245033	2.011915674
1219	38.847573	-77.083076	625	925	1150	1450	1.84	1.567567568
1220	38.7741698	-76.995011	542	827	1200	1935	2.21402214	2.339782346
1222	39.139247	-77.1987	592	1107	1500	1500	2.533783784	1.35501355
1223	38.860295	-76.949199	690	1296	1285	1879	1.862318841	1.449845679
1224	39.0140245	-77.1047216	280	1066	987	2059	3.525	1.9315197
1229	39.4340804	-77.3672917	833	1183	1289	1626	1.547418968	1.374471682
1230	38.84176	-76.93601	700	900	1110	1965	1.585714286	2.183333333
1231	38.988843	-77.031223	500	1000	1295	2290	2.59	2.29
1232	38.860668	-77.365025	589	1081	1504	4215	2.553480475	3.899167438
1233	38.855139	-77.118616	320	1310	1165	1875	3.640625	1.43129771
1234	38.869072	-77.081712	750	850	1410	1410	1.88	1.658823529
1235	39.071581	-76.841649	825	1060	1235	1520	1.496969697	1.433962264
1236	38.964671	-77.390287	596	1266	1345	2405	2.256711409	1.899684044
1237	38.8040451	-77.0499209	600	900	1535	1535	2.558333333	1.705555556
1238	39.1434388	-77.0470786	550	550	687	687	1.249090909	1.249090909
1239	38.801627	-77.050182	507	685	1295	1712	2.554240631	2.499270073
1241	38.5969601	-76.9490405	650	1631	1315	2750	2.023076923	1.686082158
1242	38.8536424	-76.8903621	590	590	856	856	1.450847458	1.450847458
1249	39.16516	-78.192866	685	1350	900	900	1.313868613	0.666666667
1250	38.9863046	-77.0962291	804	1319	2100	3190	2.611940299	2.418498863
1254	39.4144661	-77.4117144	675	1155	1136	1710	1.682962963	1.480519481
1256	38.996517	-77.0290723	550	1250	1400	2065	2.545454545	1.652
1257	38.9736817	-77.0152947	513	2100	1885	4986	3.674463938	2.374285714
1258	38.8756687	-77.0001026	385	1625	1831	5552	4.755844156	3.416615385
1259	39.0145429	-76.9748138	755	1290	1185	3078	1.569536424	2.386046512
1261	38.9560966	-77.0707385	400	625	1275	1786	3.1875	2.8576
1263	39.101124	-76.858058	630	900	1170	1400	1.857142857	1.555555556
1266	38.867005	-77.445053	749	1314	1342	4045	1.791722296	3.078386606
1267	38.9354946	-77.0570236	400	1110	1649	1850	4.1225	1.666666667
1269	39.180846	-78.1444548	720	720	950	950	1.319444444	1.319444444
1270	38.2436005	-77.5070077	807	1612	1273	2822	1.577447336	1.750620347
1271	38.9850321	-76.9572546	500	1410	1252	1752	2.504	1.242553191
1273	39.5848733	-77.8902967	650	800	560	733	0.861538462	0.91625
1274	38.999589	-77.026208	540	1564	1284	2310	2.377777778	1.476982097
1276	38.9350998	-77.0339708	525	1090	1275	1275	2.428571429	1.169724771
1277	38.854307	-77.140749	678	873	1374	1717	2.026548673	1.966781214
1278	39.0005917	-77.0081243	390	915	1298	1598	3.328205128	1.746448087
1281	38.8917537	-76.9519398	490	700	1264	1443	2.579591837	2.061428571
1283	38.868195	-77.27648	730	1435	1340	2250	1.835616438	1.567944251
1285	38.808896	-77.130395	680	1120	1242	1721	1.826470588	1.536607143
1286	38.9692415	-76.9626588	875	1236	1530	1920	1.748571429	1.553398058
1288	38.622765	-77.311659	689	1136	1085	1475	1.574746009	1.298415493
1290	38.90507	-77.0538	606	1928	2400	7355	3.96039604	3.814834025
1291	39.1448101	-77.1936539	687	1561	1250	2100	1.819505095	1.34529148
1292	38.841706	-77.070653	595	865	1274	1614	2.141176471	1.865895954
1294	38.807498	-77.141904	770	1080	1450	1910	1.883116883	1.768518519
1296	38.816646	-77.124953	550	800	1075	1630	1.954545455	2.0375
1297	38.896672	-77.045334	408	861	1530	2915	3.75	3.385598142
1301	38.888139	-76.952255	591	677	962	962	1.627749577	1.420974889
1302	38.8835605	-77.1019953	488	1445	1745	4580	3.575819672	3.169550173
1304	38.9284556	-77.0333555	445	1361	1820	3555	4.08988764	2.612049963
1306	39.144234	-77.227745	718	1174	1285	1815	1.789693593	1.545996593
1307	38.8829575	-77.1785573	775	775	1362	1362	1.757419355	1.757419355
1308	38.899393	-76.93762	1000	1200	1468	1468	1.468	1.223333333
1309	39.4380426	-77.5430544	728	1100	1630	3080	2.239010989	2.8
1311	38.761578	-77.441372	680	1282	1365	1870	2.007352941	1.458658346
1312	38.9017701	-77.0544575	650	850	1895	2095	2.915384615	2.464705882
1313	38.623917	-77.283873	777	1789	1420	3085	1.827541828	1.724427054
1315	38.988077	-77.096627	448	2103	1748	6550	3.901785714	3.114598193
1316	38.31535	-77.495305	863	1128	1079	1359	1.250289687	1.204787234
1317	38.808026	-77.0785359	610	795	1155	1575	1.893442623	1.981132075
1318	38.7944553	-77.188454	776	1230	1199	1945	1.545103093	1.581300813
1319	38.6242403	-77.2904694	739	1511	1480	2275	2.00270636	1.505625414
1320	38.556586	-77.319805	624	864	880	1335	1.41025641	1.545138889
1324	38.827837	-76.95886	737	1175	1226	1686	1.663500678	1.434893617
1325	38.926755	-77.205195	576	1856	4	7486	0.006944444	4.033405172
1327	38.9798283	-76.9318586	550	650	1350	1350	2.454545455	2.076923077
1328	39.61531	-77.690104	1096	1234	880	1055	0.802919708	0.854943274
1329	39.4349483	-77.4143094	624	1078	1199	1564	1.921474359	1.450834879
1331	39.107818	-77.203225	678	1736	1380	2190	2.03539823	1.261520737
1332	38.904994	-77.051915	385	1560	2362	4574	6.135064935	2.932051282
1333	39.5957631	-77.81641	1000	1290	840	960	0.84	0.744186047
1334	38.7962281	-76.9793456	784	895	1179	1504	1.503826531	1.680446927
1335	38.8556097	-77.353783	541	1200	1135	1617	2.097966728	1.3475
1337	38.9315873	-77.0373144	410	640	1299	1699	3.168292683	2.6546875
1339	38.98989	-77.004091	650	650	1075	1075	1.653846154	1.653846154
1340	38.5341136	-76.9766039	750	1100	900	1200	1.2	1.090909091
1341	38.9175295	-77.0341379	552	629	1753	1753	3.175724638	2.786963434
1345	38.814349	-77.049831	515	1348	1729	2651	3.357281553	1.966617211
1347	38.996464	-77.073746	750	1600	1680	3200	2.24	2
1349	39.135151	-77.191058	450	1000	1050	1475	2.333333333	1.475
1350	38.903029	-76.854676	363	1589	775	1995	2.134986226	1.255506608
1351	38.9187191	-77.036988	374	839	1550	3100	4.144385027	3.694874851
1354	38.98357	-77.097707	577	1570	1450	6345	2.512998267	4.041401274
1355	38.858079	-77.107022	700	1100	1340	2395	1.914285714	2.177272727
1356	38.9107151	-77.0273777	535	1847	1024	7500	1.914018692	4.060638874
1361	38.862462	-76.972673	921	1175	1368	1592	1.48534202	1.354893617
1363	38.9980555	-77.0320123	450	1300	1307	2270	2.904444444	1.746153846
1364	38.797158	-77.0758065	538	1326	1552	4357	2.884758364	3.285822021
1366	39.4883578	-77.960483	720	940	710	830	0.986111111	0.882978723
1367	38.924982	-77.073416	300	550	1275	1725	4.25	3.136363636
1373	38.999741	-77.024986	560	1358	1340	2448	2.392857143	1.802650957
1374	38.9519124	-76.9223344	630	720	1183	1394	1.877777778	1.936111111
1377	39.056274	-77.1273065	300	936	4302	4302	14.34	4.596153846
1379	38.7314073	-77.2265965	824	881	1499	1699	1.819174757	1.928490352
1380	38.8319573	-77.0999167	499	499	1515	1515	3.036072144	3.036072144
1382	38.923791	-77.077742	478	1028	1730	2800	3.619246862	2.723735409
1383	38.950444	-77.066594	322	1200	1435	2300	4.456521739	1.916666667
1386	38.367394	-77.489322	775	925	1090	1090	1.406451613	1.178378378
1387	39.0539062	-77.0494998	1115	1308	1954	2076	1.752466368	1.587155963
1388	38.7552	-77.080293	665	1155	1225	3070	1.842105263	2.658008658
1389	38.8866711	-77.1612663	758	2846	2308	7854	3.044854881	2.759662684
1393	38.888994	-77.085248	525	1300	1825	3010	3.476190476	2.315384615
1394	38.8156444	-76.8977801	506	1130	975	1550	1.92687747	1.371681416
1395	38.8459323	-76.9684736	280	988	612	1308	2.185714286	1.32388664
1396	39.7020831	-77.7466471	705	1020	595	965	0.843971631	0.946078431
1397	38.8799263	-77.2269852	890	1650	2115	2680	2.376404494	1.624242424
1398	38.9337447	-77.0733751	425	1250	1425	3025	3.352941176	2.42
1399	38.995138	-77.023855	482	1153	1699	3195	3.524896266	2.77103209
1400	39.4106312	-77.4079433	732	1400	925	1430	1.263661202	1.021428571
1401	38.6838856	-77.322583	713	935	1239	3063	1.73772791	3.275935829
1402	39.146093	-77.206322	633	909	900	1100	1.421800948	1.210121012
1403	38.303741	-76.5280876	745	1210	215	1445	0.288590604	1.194214876
1406	38.971213	-77.033085	408	814	1007	1398	2.468137255	1.717444717
1409	38.8283596	-77.1124923	450	1295	1230	2825	2.733333333	2.181467181
1411	38.835028	-77.1146705	550	1240	1010	1705	1.836363636	1.375
1412	38.866816	-76.915468	500	1281	1073	1880	2.146	1.467603435
1413	38.8742824	-77.1484592	415	1320	1347	2384	3.245783133	1.806060606
1417	38.774877	-77.085609	440	1152	1115	1855	2.534090909	1.610243056
1418	38.957746	-77.351403	725	1033	1510	2408	2.082758621	2.33107454
1419	38.9134136	-77.0438394	350	846	1001	3456	2.86	4.085106383
1422	38.59677	-77.330553	780	1418	1524	3212	1.953846154	2.2651622
1428	38.0504848	-77.3424189	600	600	902	902	1.503333333	1.503333333
1429	38.894961	-76.867793	659	1623	1196	6771	1.814871017	4.171903882
1430	38.885816	-77.17765	800	1050	1595	2055	1.99375	1.957142857
1431	39.1137253	-77.1650381	682	1759	1090	3810	1.598240469	2.166003411
1432	38.817612	-76.895332	466	1392	918	1565	1.969957082	1.124281609
1433	38.963088	-76.906992	750	1110	1020	1815	1.36	1.635135135
1434	38.9319321	-77.0557661	476	2223	1790	8965	3.760504202	4.032838507
1436	38.986964	-77.02809	628	1249	1544	2338	2.458598726	1.871897518
1438	38.8127248	-77.1054049	432	1100	1025	1618	2.372685185	1.470909091
1439	38.9530486	-77.0014736	562	2665	1452	3170	2.583629893	1.189493433
1440	38.877184	-76.99705	416	1091	1783	6203	4.286057692	5.685609533
1448	39.073002	-76.85428	760	1260	1207	2015	1.588157895	1.599206349
1451	38.989482	-76.981858	730	1236	1077	1790	1.475342466	1.448220065
1454	38.845096	-76.9787529	550	1500	980	1165	1.781818182	0.776666667
1456	38.7725369	-76.8818872	555	880	1000	1150	1.801801802	1.306818182
1458	38.9491174	-77.3391971	495	2160	1785	8555	3.606060606	3.960648148
1459	39.0096368	-77.488424	807	1267	1192	1673	1.477075589	1.320441989
1461	38.864765	-77.3065546	653	1072	1350	1950	2.067381317	1.819029851
1462	38.8282592	-77.0001822	565	960	1146	1325	2.028318584	1.380208333
1464	38.767735	-77.497874	520	868	1115	1458	2.144230769	1.679723502
1466	38.9010162	-77.0030913	594	1831	2202	3958	3.707070707	2.161660295
1467	38.9245093	-77.0375168	250	1091	1673	3337	6.692	3.058661778
1469	38.890016	-76.837937	731	1300	1184	2771	1.619699042	2.131538462
1470	38.260446	-76.473208	275	873	931	1895	3.385454545	2.17067583
1472	39.1473155	-77.2044126	700	900	1050	1380	1.5	1.533333333
1474	38.2932501	-76.5073315	685	880	1080	1155	1.576642336	1.3125
1477	38.9687117	-76.9533701	766	1288	989	1450	1.291122715	1.125776398
1479	39.0436763	-76.9443469	686	1307	1205	2610	1.756559767	1.996939556
1480	38.8516083	-77.3408544	567	1289	1580	3490	2.78659612	2.707525213
1481	39.0169067	-76.9396878	453	1143	660	2315	1.456953642	2.025371829
1484	38.357881	-77.498368	720	1325	1016	1848	1.411111111	1.394716981
1485	38.8647021	-77.0807676	490	1170	1320	2195	2.693877551	1.876068376
1487	38.8468835	-76.954037	465	920	834	1278	1.793548387	1.389130435
1488	39.00362	-77.012	514	645	1130	1130	2.19844358	1.751937984
1489	38.9355094	-77.0540103	574	1349	1906	2930	3.320557491	2.171979244
1491	38.7665553	-77.4431376	668	1530	1220	1965	1.826347305	1.284313725
1493	38.8838676	-77.1379558	451	1022	1080	1750	2.394678492	1.712328767
1494	38.9968749	-77.0397639	530	1340	1410	2885	2.660377358	2.152985075
1495	38.8768532	-77.0158271	388	1095	1905	4245	4.909793814	3.876712329
1497	39.0285147	-76.9203069	850	1150	1365	2025	1.605882353	1.760869565
1498	38.764104	-77.5035215	629	859	990	2314	1.573926868	2.693830035
1500	38.908304	-77.032365	521	830	2160	4000	4.145873321	4.819277108
1501	39.393155	-77.453334	719	1430	1290	2095	1.794158554	1.465034965
1503	39.1161574	-77.2001185	434	1250	1190	2390	2.741935484	1.912
1504	38.6370777	-77.2743429	566	895	976	1183	1.724381625	1.321787709
1505	38.8060266	-77.0692287	700	1100	1485	2050	2.121428571	1.863636364
1506	39.144161	-77.168363	750	1200	1110	1625	1.48	1.354166667
1507	39.0935245	-76.8597661	690	1453	1334	2147	1.933333333	1.477632485
1509	38.9583875	-77.4174447	607	1783	1379	2609	2.271828666	1.463264162
1510	38.921542	-77.037026	435	900	1820	2380	4.183908046	2.644444444
1511	38.92677	-77.042833	389	842	1448	2848	3.722365039	3.382422803
1512	38.8016852	-77.122578	744	1339	1701	2078	2.286290323	1.551904406
1515	38.764227	-77.140124	821	1350	1459	2400	1.777101096	1.777777778
1517	38.964049	-76.900646	100	1000	1255	1855	12.55	1.855
1519	39.0006149	-76.985082	450	1100	1136	1631	2.524444444	1.482727273
1520	38.356764	-77.49696	1093	1385	1080	1354	0.98810613	0.977617329
1521	38.7691292	-77.482955	603	1069	1161	1649	1.925373134	1.542563143
1522	38.771007	-77.176339	515	1319	1465	2885	2.844660194	2.187263078
1523	38.8759833	-77.0062854	477	1497	1625	4699	3.406708595	3.138944556
1524	39.0869099	-77.1504651	553	1673	1631	3895	2.949367089	2.328153019
1525	38.8975971	-77.0880465	439	879	1325	3335	3.018223235	3.794084187
1529	38.5501004	-76.5947912	584	908	546	1140	0.934931507	1.255506608
1532	38.8654686	-77.0800202	516	1440	1275	2350	2.470930233	1.631944444
1536	38.869882	-76.962748	565	765	893	1125	1.580530973	1.470588235
1537	38.9777654	-77.0941703	340	1310	1160	1835	3.411764706	1.400763359
1539	38.853144	-77.0506819	565	1831	1768	4592	3.12920354	2.50791917
1540	38.3458653	-77.5175746	706	1398	1295	2295	1.83427762	1.641630901
1543	38.9909279	-76.929442	540	960	569	1309	1.053703704	1.363541667
1545	38.9035121	-77.0185637	394	1909	2195	5150	5.57106599	2.697747512
1546	38.930125	-77.031979	624	1282	1720	4160	2.756410256	3.244929797
1547	38.904033	-77.007444	436	1527	1849	3839	4.240825688	2.514079895
1548	38.8574917	-77.3522379	673	1320	1501	2562	2.230312036	1.940909091
1549	39.6286729	-77.6617721	500	2800	531	1719	1.062	0.613928571
1550	38.7249722	-77.1151407	714	1087	1125	1920	1.575630252	1.766329347
1551	38.0159722	-77.5375358	900	900	800	800	0.888888889	0.888888889
1552	38.901649	-77.017938	513	1242	2075	3980	4.044834308	3.204508857
1555	38.8992577	-76.9823855	574	917	1000	2144	1.742160279	2.338058888
1556	38.7938644	-77.2973078	715	1467	1522	3398	2.128671329	2.316291752
1557	39.1165402	-77.1707639	682	1633	1530	3980	2.24340176	2.437232088
1558	38.8935815	-77.0769606	443	1913	1627	7986	3.67268623	4.174594877
1560	38.8778838	-77.1063116	700	1587	1895	3825	2.707142857	2.41020794
1561	38.881357	-77.12054	550	650	1495	1595	2.718181818	2.453846154
1563	39.074968	-76.855509	750	1200	1181	1998	1.574666667	1.665
1564	39.0605665	-76.8413036	700	1465	1093	2514	1.561428571	1.716040956
1565	39.4783394	-77.9604845	286	1152	595	755	2.08041958	0.655381944
1566	38.9837777	-77.0080132	700	1405	869	1591	1.241428571	1.132384342
1567	38.8202	-77.13307	756	1134	1125	2950	1.488095238	2.601410935
1571	39.042787	-76.98626	593	1214	1155	1760	1.94772344	1.449752883
1572	39.0420011	-77.0766249	1400	2100	2025	2500	1.446428571	1.19047619
1574	38.7404697	-77.0951812	644	1128	1050	1650	1.630434783	1.462765957
1575	39.0002386	-76.9875252	932	932	1245	1245	1.33583691	1.33583691
1576	38.911713	-77.036958	225	1000	1500	3600	6.666666667	3.6
1577	38.9075065	-77.2194919	713	1369	1675	3135	2.349228612	2.289992695
1581	38.4510083	-77.3968718	690	1206	1290	1610	1.869565217	1.334991708
1582	38.9767078	-77.096285	600	800	1395	1695	2.325	2.11875
1584	39.0535973	-77.1189175	673	1593	1554	2537	2.309063893	1.592592593
1585	39.1251469	-77.5485545	643	1000	1363	2273	2.119751166	2.273
1590	38.7791377	-77.4547237	720	980	1260	1490	1.75	1.520408163
1591	38.23752	-77.537072	760	1400	1160	2510	1.526315789	1.792857143
1592	38.2819541	-77.4820246	683	1068	865	1323	1.266471449	1.238764045
1593	38.9733035	-77.0112958	750	1050	1475	1475	1.966666667	1.404761905
1594	38.796538	-77.049674	498	1188	1372	5255	2.75502008	4.423400673
1596	38.896227	-77.089183	538	1138	1572	3746	2.921933086	3.291739895
1598	38.888217	-77.2448	900	1200	1375	2019	1.527777778	1.6825
1605	39.0822449	-76.9389869	740	1197	915	1750	1.236486486	1.461988304
1608	38.852772	-77.3410838	567	1292	1445	2205	2.548500882	1.706656347
1613	38.8229833	-76.9550098	600	1135	1168	1726	1.946666667	1.520704846
1614	39.6237783	-77.6790347	1012	2650	1070	1560	1.057312253	0.588679245
1616	38.999048	-77.000815	535	830	998	1744	1.865420561	2.101204819
1617	39.66988	-77.728331	788	1261	1009	1359	1.280456853	1.077716098
1618	38.8206062	-77.044987	350	1063	1415	2370	4.042857143	2.22953904
1620	38.913031	-77.044494	300	1200	1495	1995	4.983333333	1.6625
1621	39.19027	-77.242756	830	1650	1716	2430	2.06746988	1.472727273
1622	38.282582	-77.608919	1440	1548	1589	1719	1.103472222	1.110465116
1623	38.91314	-77.042473	450	700	1525	1705	3.388888889	2.435714286
1624	38.8415714	-76.9974182	500	900	895	1427	1.79	1.585555556
1626	38.8626169	-76.915021	490	1350	989	1634	2.018367347	1.21037037
1627	39.3005661	-77.8417669	760	1136	1179	1479	1.551315789	1.30193662
1628	38.851879	-76.986732	720	780	975	1888	1.354166667	2.420512821
1635	38.2557771	-76.479615	500	700	970	970	1.94	1.385714286
1637	38.920028	-77.039494	433	575	1925	1925	4.445727483	3.347826087
1639	38.892869	-76.993027	500	900	1600	1770	3.2	1.966666667
1643	38.903014	-77.052275	500	600	1750	2250	3.5	3.75
1644	38.9729338	-77.026512	500	1200	1250	1795	2.5	1.495833333
1645	38.905712	-76.874172	531	1034	1120	1725	2.109227872	1.66827853
1649	38.53624	-77.323261	588	588	830	830	1.411564626	1.411564626
1650	38.861237	-77.369814	693	1352	1490	2720	2.15007215	2.01183432
1651	39.0286653	-77.4178132	614	1370	1473	2475	2.399022801	1.806569343
1652	38.89153	-77.079434	450	750	1395	1750	3.1	2.333333333
1653	38.8969029	-77.0458324	500	960	1660	2694	3.32	2.80625
1654	38.9214593	-77.0440054	390	955	1675	3008	4.294871795	3.14973822
1655	38.6413035	-77.3422544	706	1013	1261	1742	1.78611898	1.71964462
1658	38.2871577	-76.4965487	384	1344	895	1580	2.330729167	1.175595238
1660	38.8528696	-77.3621885	488	1305	1324	2239	2.713114754	1.715708812
1661	39.4154566	-77.449463	850	950	881	1300	1.036470588	1.368421053
1664	39.1110742	-77.065187	650	960	683	1210	1.050769231	1.260416667
1665	38.855325	-76.987249	836	945	1250	1450	1.495215311	1.534391534
1669	38.978233	-77.100584	600	985	726	1667	1.21	1.692385787
1673	39.0755687	-76.9398176	531	1025	1291	4046	2.43126177	3.947317073
1676	38.86931	-77.231069	540	1231	1695	2665	3.138888889	2.16490658
1677	38.7833024	-77.0792249	573	1359	1499	3653	2.616055846	2.688005887
1679	38.825138	-77.12616	630	1095	1200	2872	1.904761905	2.62283105
1684	38.909872	-77.033059	413	1092	1775	3800	4.297820823	3.47985348
1686	38.920799	-77.238228	810	1160	1720	2245	2.12345679	1.935344828
1687	38.9669573	-77.399196	593	806	1450	2590	2.445193929	3.213399504
1689	39.61133	-78.231499	720	1300	555	813	0.770833333	0.625384615
1691	38.8888468	-77.0888998	530	1418	1725	3635	3.254716981	2.563469676
1692	38.8968228	-77.0910092	505	888	1175	1175	2.326732673	1.323198198
1693	38.8851713	-77.0886773	470	1000	1424	2700	3.029787234	2.7
1694	39.147445	-77.205475	700	800	1050	1245	1.5	1.55625
1695	38.8789127	-77.2287915	464	1263	1795	2490	3.868534483	1.971496437
1697	39.027104	-77.403263	877	1178	1170	1645	1.334093501	1.396434635
1698	39.1428118	-78.1894517	680	900	1500	1500	2.205882353	1.666666667
1702	38.930208	-77.037122	450	1050	1635	1635	3.633333333	1.557142857
1703	39.148545	-77.19268	837	1261	1205	1710	1.439665472	1.356066614
1704	39.032434	-77.049115	450	1130	1394	1999	3.097777778	1.769026549
1705	38.9664605	-77.0338602	500	700	1195	1355	2.39	1.935714286
1706	38.977649	-77.093074	426	766	1178	1709	2.765258216	2.231070496
1708	39.038899	-77.505887	742	1425	1519	2819	2.047169811	1.978245614
1710	38.869688	-76.978698	575	575	894	894	1.554782609	1.554782609
1711	39.0921324	-77.071456	744	1316	1185	1820	1.592741935	1.382978723
1712	38.741743	-77.212466	844	1012	1724	4685	2.042654028	4.62944664
1713	38.902354	-76.976956	750	1400	1690	2750	2.253333333	1.964285714
1716	39.001127	-76.990414	411	880	1080	1835	2.627737226	2.085227273
1717	38.908364	-77.038811	345	805	1595	2250	4.623188406	2.795031056
1718	39.4237101	-77.4641103	717	939	1214	1550	1.693165969	1.650692226
1719	38.854492	-77.117356	740	840	1275	1500	1.722972973	1.785714286
1722	38.850969	-77.301673	620	1020	1545	1545	2.491935484	1.514705882
1724	38.881715	-77.016364	481	996	1610	1850	3.347193347	1.857429719
1725	39.084755	-76.939958	812	1330	1259	1908	1.550492611	1.434586466
1726	38.929976	-77.031478	410	727	1405	2100	3.426829268	2.888583219
1728	38.8310094	-77.0504898	726	1262	1261	2348	1.736914601	1.860538827
1729	38.84385	-77.065628	465	1005	1243	1675	2.67311828	1.666666667
1731	38.786649	-77.070784	366	1168	1075	2025	2.93715847	1.733732877
1733	38.8152264	-77.1439688	744	1482	1390	2305	1.86827957	1.555330634
1735	38.9877481	-77.0262411	516	1239	1414	2939	2.740310078	2.372074253
1738	39.0495688	-77.1184958	646	2007	1621	24349	2.509287926	12.13203787
1741	39.0540901	-76.9353736	452	1280	1075	2615	2.378318584	2.04296875
1742	38.89972	-76.997338	388	1030	1562	5874	4.025773196	5.702912621
1744	38.2737069	-77.5357452	772	1245	994	1445	1.287564767	1.16064257
1745	38.9158537	-77.0441618	449	1975	2266	14500	5.046770601	7.341772152
1747	38.9561786	-76.939884	531	1293	1535	3295	2.890772128	2.5483372
1749	38.901772	-76.921914	650	850	1125	1125	1.730769231	1.323529412
1750	38.738001	-77.096564	390	1033	1030	1770	2.641025641	1.713455954
1751	38.9465169	-77.0664562	512	512	1499	1615	2.927734375	3.154296875
1754	39.1007	-76.856632	660	825	1225	1504	1.856060606	1.823030303
1755	38.960448	-76.927147	680	1178	1200	1200	1.764705882	1.018675722
1756	38.8538363	-77.0514946	550	1379	1500	3700	2.727272727	2.683103698
1757	38.7050437	-77.2159857	877	1178	1034	1611	1.179019384	1.367572156
1760	38.827317	-77.005971	710	902	975	1075	1.373239437	1.191796009
1761	39.422757	-77.444317	566	817	1005	1285	1.775618375	1.572827417
1762	39.004493	-76.931158	633	1414	1328	3101	2.097946288	2.193069307
1763	38.92966	-77.036913	475	815	1494	2110	3.145263158	2.588957055
1764	38.983469	-76.97419	550	625	1039	1339	1.889090909	2.1424
1766	38.913145	-77.03878	567	713	2150	3650	3.791887125	5.119214586
1768	38.9545435	-77.0082762	595	803	1435	1600	2.411764706	1.99252802
1769	38.697394	-77.2148648	1000	1500	1450	1995	1.45	1.33
1770	38.8976377	-76.836546	750	1247	1092	1345	1.456	1.078588613
1775	39.09004	-77.205189	784	1629	1450	2865	1.849489796	1.758747698
1776	38.8237616	-77.0085664	574	726	999	1149	1.740418118	1.582644628
1777	39.6468315	-77.6992334	2400	2400	1250	1250	0.520833333	0.520833333
1778	38.9279537	-77.2271098	603	1439	1735	2920	2.877280265	2.029186935
1779	38.948041	-77.118214	600	952	1650	2410	2.75	2.531512605
1782	39.000238	-76.876423	625	625	1135	1335	1.816	2.136
1783	38.992016	-77.099399	650	900	1195	1195	1.838461538	1.327777778
1784	38.92873	-76.978705	400	728	1025	1075	2.5625	1.476648352
1787	38.862695	-77.053501	518	1224	1596	3289	3.081081081	2.687091503
1788	38.8357794	-76.9481168	396	1025	972	1500	2.454545455	1.463414634
1791	38.8999386	-77.0014071	401	1277	1892	4345	4.718204489	3.402505873
1792	39.6062665	-77.8084929	897	1318	760	855	0.847268673	0.648710167
1794	39.0283835	-76.9209609	660	877	1300	1450	1.96969697	1.65336374
1796	39.040542	-76.984938	337	593	1155	1155	3.427299703	1.94772344
1798	38.9677457	-77.0337854	500	650	1475	1475	2.95	2.269230769
1799	38.905067	-76.901609	430	977	890	1555	2.069767442	1.59160696
1800	39.197526	-77.275869	693	1352	1325	2475	1.911976912	1.830621302
1801	39.07242	-77.134734	631	920	1285	1835	2.036450079	1.994565217
1803	38.8816742	-76.8311289	768	1357	1485	2080	1.93359375	1.532792926
1804	38.914583	-77.032292	426	1726	1976	7500	4.638497653	4.345307068
1805	38.9238137	-77.0533348	460	1200	1676	3412	3.643478261	2.843333333
1808	38.870748	-77.31142	788	1148	1685	2347	2.138324873	2.044425087
1810	38.9389019	-76.7233785	736	1255	1437	1837	1.952445652	1.46374502
1812	39.3919981	-77.4346216	288	864	690	860	2.395833333	0.99537037
1813	38.984968	-76.976586	508	665	1145	1470	2.253937008	2.210526316
1814	38.819916	-77.147231	725	1386	1490	6497	2.055172414	4.687590188
1817	38.904309	-77.019388	700	1400	1900	3000	2.714285714	2.142857143
1821	38.8164255	-77.1078202	460	1180	1005	3978	2.184782609	3.371186441
1824	38.863034	-76.896729	778	1624	1200	1850	1.542416452	1.139162562
1825	39.146891	-77.271288	659	1023	725	1725	1.100151745	1.686217009
1826	38.2616448	-76.4028078	555	885	1341	1758	2.416216216	1.986440678
1827	39.0756914	-77.4838925	692	1436	1439	3089	2.079479769	2.151114206
1828	38.8795447	-77.0045454	475	1786	2090	4895	4.4	2.740761478
1829	39.619883	-77.793045	820	920	565	595	0.68902439	0.64673913
1830	38.9221744	-77.0348615	396	735	1560	2300	3.939393939	3.129251701
1832	39.0835	-76.852121	606	1196	1020	2605	1.683168317	2.178093645
1833	38.945078	-77.014659	550	850	1130	1130	2.054545455	1.329411765
1834	39.1258101	-77.1801967	536	716	1195	1395	2.229477612	1.948324022
1836	38.8959226	-77.022389	597	1375	2200	5070	3.685092127	3.687272727
1839	38.9178947	-77.0339967	467	953	2410	5947	5.160599572	6.240293809
1840	38.933631	-76.867148	596	811	975	1275	1.63590604	1.572133169
1841	38.8194764	-76.9897287	440	1103	905	1549	2.056818182	1.404351768
1842	38.813328	-77.124457	425	1795	1130	2221	2.658823529	1.237325905
1843	38.9090985	-77.0389286	400	732	1725	2100	4.3125	2.868852459
1844	38.8655401	-77.0868208	650	870	1239	1799	1.906153846	2.067816092
1847	38.948332	-77.396016	819	1330	1451	3933	1.771672772	2.957142857
1848	38.997839	-76.998927	610	810	1098	1620	1.8	2
1850	38.9114724	-77.0369173	310	855	1535	3200	4.951612903	3.742690058
1853	38.882904	-77.134068	728	1284	1259	1730	1.729395604	1.347352025
1856	39.0039928	-76.9721201	681	1031	1320	1560	1.938325991	1.513094083
1857	38.9001207	-77.0253746	461	1846	2037	9507	4.418655098	5.150054171
1861	39.06248	-77.11716	578	1660	1530	2875	2.647058824	1.731927711
1862	38.9542314	-77.4261242	524	1857	1177	4341	2.246183206	2.337641357
1863	38.908472	-77.0860033	500	950	1295	1495	2.59	1.573684211
1864	38.880072	-77.105015	480	1000	1151	1593	2.397916667	1.593
1865	38.8744912	-77.1104867	680	1330	1995	3395	2.933823529	2.552631579
1867	39.040751	-76.98616	684	864	1279	1653	1.869883041	1.913194444
1868	38.5817486	-76.9137788	717	1663	1435	2885	2.0013947	1.734816597
1871	38.7973002	-77.6273534	786	1447	1625	2720	2.067430025	1.879751209
1873	38.91012	-77.05583	373	1625	1562	3470	4.18766756	2.135384615
1874	39.0942505	-76.8442907	300	1130	1060	1630	3.533333333	1.442477876
1876	38.8493071	-77.0781641	530	1690	1525	3120	2.877358491	1.846153846
1879	38.934171	-76.92624	738	1452	1215	1800	1.646341463	1.239669421
1880	39.229403	-77.252201	836	1596	1595	2255	1.907894737	1.412907268
1882	38.94991	-77.080558	537	1188	1461	3595	2.720670391	3.026094276
1883	38.9745262	-77.0265175	700	700	1595	1595	2.278571429	2.278571429
1896	38.8860848	-77.0861675	391	865	1540	2842	3.938618926	3.285549133
1898	38.985622	-77.095264	645	1889	2287	6876	3.545736434	3.640021175
1899	38.8474636	-77.0763108	631	1175	1240	1714	1.965134707	1.458723404
1900	38.853621	-77.117516	568	1698	1638	5720	2.883802817	3.368669022
1902	39.0042454	-77.0116541	400	1200	1100	1875	2.75	1.5625
1906	38.725074	-77.12812	687	956	1525	2155	2.219796215	2.2541841
1908	38.891558	-77.430537	944	1237	1034	1427	1.095338983	1.153597413
1909	38.9900222	-76.9313384	400	1050	475	2400	1.1875	2.285714286
1911	38.888634	-77.095415	530	1225	1089	2459	2.054716981	2.007346939
1914	38.8389361	-77.0901271	450	1050	1278	2841	2.84	2.705714286
1916	38.9659369	-76.9993399	640	770	1022	1222	1.596875	1.587012987
1918	38.937397	-77.0238647	400	950	1496	2346	3.74	2.469473684
1919	38.253637	-76.4885049	592	722	709	747	1.197635135	1.034626039
1921	39.0585586	-77.4679627	556	1419	1301	3609	2.339928058	2.543340381
1923	38.950846	-77.427012	650	1375	1459	4256	2.244615385	3.095272727
1925	38.809682	-77.128237	924	1852	1765	2808	1.91017316	1.516198704
1926	38.8520072	-76.8835799	750	1100	1049	1774	1.398666667	1.612727273
1927	39.053625	-77.104336	793	1043	1425	2500	1.796973518	2.396931927
1929	38.877481	-77.018952	396	966	1625	3700	4.103535354	3.830227743
1930	38.829309	-77.124502	707	1281	1556	2660	2.200848656	2.076502732
1932	38.9598504	-77.361182	613	1438	1682	4420	2.743882545	3.073713491
1934	38.9013564	-77.052858	452	696	1775	2359	3.92699115	3.389367816
1935	38.979565	-77.098053	623	1345	1764	4140	2.831460674	3.078066914
1936	38.929826	-77.055678	438	1840	2013	3037	4.595890411	1.650543478
1938	39.040645	-76.984731	715	1040	1265	1965	1.769230769	1.889423077
1939	38.8169875	-77.1260132	440	440	1241	1241	2.820454545	2.820454545
1941	38.742776	-76.98929	545	880	1105	1325	2.027522936	1.505681818
1945	38.8753206	-76.9308268	579	922	700	1320	1.208981002	1.431670282
1951	38.9140846	-76.8812343	622	1189	1010	1358	1.623794212	1.142136249
1953	38.7354548	-77.4717674	537	1400	1309	3382	2.437616387	2.415714286
1954	38.7871275	-77.5296055	949	1156	1229	1550	1.295047418	1.34083045
1955	38.8287259	-77.0061446	600	1200	725	1025	1.208333333	0.854166667
1956	39.3009806	-77.8684109	630	1000	792	978	1.257142857	0.978
1959	38.78978	-77.077741	550	750	1150	1350	2.090909091	1.8
1960	38.8995818	-77.0156568	520	1315	1914	28643	3.680769231	21.78174905
1961	39.089755	-77.079097	525	1230	1125	2170	2.142857143	1.764227642
1962	38.8801813	-77.0042544	440	1417	2135	5000	4.852272727	3.52858151
1963	38.91794	-77.044554	350	850	1575	3250	4.5	3.823529412
1965	38.3072352	-77.4917804	550	880	825	1005	1.5	1.142045455
1966	39.002462	-76.874829	710	914	1215	1620	1.711267606	1.772428884
1967	38.7391455	-77.0941208	575	832	928	928	1.613913043	1.115384615
1970	38.838571	-76.910093	785	1335	1013	1771	1.29044586	1.32659176
1971	39.401581	-77.421571	707	1196	988	1688	1.397454031	1.411371237
1972	38.969741	-76.96168	528	1320	1415	2645	2.679924242	2.003787879
1973	38.917382	-77.097093	400	1200	1315	1315	3.2875	1.095833333
1975	38.879604	-77.006419	492	1374	1472	6962	2.991869919	5.066957787
1979	38.9625518	-77.0301165	401	1000	1231	1582	3.069825436	1.582
1980	38.762576	-77.083301	670	1006	1379	1879	2.058208955	1.867793241
1982	38.902131	-77.018033	512	1162	2020	4935	3.9453125	4.246987952
1983	38.8587765	-77.0999739	400	1079	1150	2100	2.875	1.946246525
1984	38.4829946	-77.4260805	1347	1709	1414	1658	1.049740163	0.970157987
